1 94.23
1 88.8
1 88.49
1 78.5
1 98.24
1 58.57
1 86.07
1 96.01
1 87.3
1 76.86
1 85.74
1 77.48
1 84.81
1 86.7
1 91.96
1 66.69
1 62.87
1 80.79
1 83.07
1 79.66
1 58.7
1 53.6
1 81.79
1 85.68
1 64.6
1 92.15
1 93.65
1 90.16
1 95.91
1 90.33
1 92.03
1 82.3
1 89.73
1 83.73
1 90.28
1 89.84
1 85.69
1 87.36
1 89.78
1 82.84
1 89.4
1 85.14
1 94.81
1 84.3
1 75.03
1 98.32
1 87.9
1 96.15
1 94.5
1 84.59
1 89.55
1 96.2
1 83.03
1 81.16
1 90.22
1 93.19
1 81.53
1 78.8
1 79.01
1 73.2
1 91.71
1 78.17
1 70.82
1 81.62
1 96.36
1 85.84
1 85.89
1 62.74
1 58.57
1 71.58
1 94.3
1 88.49
1 88.99
1 71.11
1 64.87
1 85.55
1 94.4
1 71.2
1 99
1 89.81
1 102.8
1 90.1
1 76.2
1 77.7
1 66.4
1 60.22
1 71.95
1 94.85
1 68.82
1 55.2
1 51.24
1 52.4
1 72.06
1 72.3
1 77.31
1 81.59
1 96.8
1 81.7
1 97.9
1 96.89
1 103.22
1 75.2
1 85.5
1 86.4
1 87.16
1 71.1
1 84
1 73.4
1 66.7
1 72.4
1 73.8
1 75
1 115.6
1 100.7
1 88.14
1 120.66
1 100.64
1 85.84
1 100.32
1 83.88
1 85.81
1 89.34
1 93.61
1 69.3
1 63.12
1 64.08
1 87.54
1 93.33
1 82.26
1 75.98
1 77.35
1 65.66
1 70.38
1 62.37
1 67.46
1 117.61
1 90.62
1 84.56
1 81.22
1 85.48
1 85.35
1 90.98
1 83.26
1 87.66
1 90
1 80.44
1 83.18
1 89.26
1 65.87
1 79.16
1 76.26
1 73.06
1 79.17
1 86.52
1 87
1 67.33
1 82.43
1 85.49
1 78.93
1 75.24
1 78.2
1 81.96
1 88.74
1 75.92
1 78.84
1 76.38
1 67.76
1 81.56
1 92.6
1 86.21
1 66.61
1 63.37
1 92.1
1 59.44
1 60.76
1 66.12
1 65.29
1 95.69
1 67.12
1 61.49
1 53.79
1 61.04
1 65.41
1 71.63
1 89.13
1 92.11
1 77.81
1 68.88
1 82.33
1 70.27
1 77.66
1 75.62
1 62.87
1 74.71
1 67.18
1 69.47
1 83.52
1 94.71
1 68.03
1 73.59
1 62.71
1 75.78
1 85.23
1 77.58
1 94.72
1 69.63
1 81.49
1 64.88
1 78
1 80.34
1 64.2
1 71.12
1 68.39
1 89.37
1 77.39
1 83.36
1 86.28
1 92.27
1 85.28
1 75.37
1 88.68
1 90.06
1 82.49
1 85.57
1 81.98
1 64.56
1 62.62
1 89.83
1 79.84
1 86.78
1 79.55
1 84.55
1 83.89
1 67.33
1 85.55
1 87.26
1 76.45
1 75.45
1 88.21
1 74.85
1 80.36
1 71.65
1 72.53